  -0.009490 
  -0.009840 
  -0.008250 
  -0.003270 
   0.001020 
   0.000390 
  -0.001230 
  -0.009250 
  -0.015240 
  -0.020460 
  -0.022480 
  -0.025680 
  -0.024200 
  -0.020820 
  -0.007290 
  -0.000920 
  -0.005120 
  -0.009940 
  -0.010130 
  -0.011560 
  -0.015830 
  -0.018250 
  -0.021240 
  -0.025720 
  -0.023390 
  -0.019040 
  -0.011770 
  -0.004620 
   0.002470 
   0.005120 
   0.003430 
  -0.001370 
  -0.008050 
  -0.010590 
  -0.016670 
  -0.020520 
  -0.020960 
  -0.018680 
  -0.015230 
  -0.010040 
  -0.007530 
  -0.004790 
  -0.002740 
  -0.003960 
  -0.007450 
  -0.010530 
  -0.012170 
  -0.010640 
  -0.010890 
  -0.010530 
  -0.006030 
   0.001010 
   0.007750 
   0.013020 
   0.013150 
   0.011250 
   0.008420 
   0.008540 
   0.006660 
  -0.001040 
  -0.005500 
  -0.005510 
  -0.002140 
   0.007220 
   0.015200 
   0.020150 
   0.023380 
   0.022100 
   0.016160 
   0.012610 
   0.006400 
   0.002260 
  -0.001030 
  -0.002630 
  -0.002290 
