  -0.011130 
  -0.011290 
  -0.010630 
  -0.005670 
  -0.002130 
  -0.000630 
  -0.002300 
  -0.006430 
  -0.008360 
  -0.010950 
  -0.016410 
  -0.021100 
  -0.022480 
  -0.020010 
  -0.016650 
  -0.011860 
  -0.006970 
  -0.002030 
  -0.003010 
  -0.003640 
  -0.006810 
  -0.010620 
  -0.015500 
  -0.019520 
  -0.021220 
  -0.021150 
  -0.018490 
  -0.010720 
  -0.000720 
   0.004060 
   0.006800 
   0.006030 
  -0.000060 
  -0.009630 
  -0.017840 
  -0.023600 
  -0.026160 
  -0.024520 
  -0.021400 
  -0.016270 
  -0.010220 
  -0.005570 
  -0.002740 
   0.000100 
  -0.001810 
  -0.006090 
  -0.008710 
  -0.011790 
  -0.011950 
  -0.012600 
  -0.011970 
  -0.009530 
  -0.003380 
   0.003040 
   0.008220 
   0.011220 
   0.011400 
   0.009170 
   0.006400 
   0.001720 
  -0.001140 
  -0.003640 
  -0.001860 
   0.002750 
   0.009030 
   0.016710 
   0.023410 
   0.025850 
   0.024970 
   0.019850 
   0.011520 
   0.004450 
  -0.001120 
  -0.006090 
