  -0.006460 
  -0.004130 
  -0.005710 
  -0.008300 
  -0.010070 
  -0.012930 
  -0.015240 
  -0.018350 
  -0.020800 
  -0.019100 
  -0.013730 
  -0.008160 
  -0.002540 
  -0.000890 
   0.000180 
  -0.001460 
  -0.005320 
  -0.010010 
  -0.014310 
  -0.018950 
  -0.019870 
  -0.018370 
  -0.014380 
  -0.011450 
  -0.007890 
  -0.005720 
  -0.004110 
  -0.005940 
  -0.008800 
  -0.011780 
  -0.016620 
  -0.018650 
  -0.018740 
  -0.016870 
  -0.012580 
  -0.006120 
  -0.000510 
   0.002510 
   0.002000 
  -0.001830 
  -0.007450 
  -0.015280 
  -0.019930 
  -0.023670 
  -0.025850 
  -0.025090 
  -0.021790 
  -0.016710 
  -0.011300 
  -0.005800 
  -0.002260 
   0.000590 
  -0.001000 
  -0.002650 
  -0.004690 
  -0.007160 
  -0.009220 
  -0.012810 
  -0.013220 
  -0.010950 
  -0.005300 
   0.001250 
   0.008910 
   0.013490 
   0.012040 
   0.009360 
   0.005710 
   0.002950 
  -0.001710 
  -0.003470 
  -0.000100 
   0.004010 
   0.009600 
   0.014640 
   0.019670 
   0.021240 
   0.018420 
   0.014540 
   0.007880 
   0.000650 
  -0.004830 
  -0.006790 
  -0.009120 
  -0.006100 
  -0.001670 
   0.004580 
   0.008160 
   0.010770 
   0.012230 
   0.011290 
   0.006710 
   0.002210 
   0.000270 
  -0.002030 
  -0.001090 
   0.001040 
   0.004240 
   0.008230 
   0.012070 
   0.014720 
   0.013750 
   0.010030 
   0.005190 
   0.000660 
  -0.004890 
  -0.008850 
  -0.009680 
  -0.008510 
  -0.004610 
   0.001300 
   0.006280 
   0.011050 
   0.011730 
   0.009510 
   0.006580 
   0.002580 
  -0.002520 
  -0.006850 
  -0.009120 
  -0.006750 
  -0.005340 
  -0.000860 
   0.005660 
   0.009380 
   0.011050 
   0.010300 
   0.005660 
  -0.000830 
  -0.007450 
  -0.012180 
  -0.014040 
  -0.014010 
  -0.010460 
  -0.006860 
   0.000820 
   0.006890 
   0.011490 
   0.013420 
   0.009880 
   0.004730 
  -0.002220 
  -0.008570 
  -0.012300 
  -0.013790 
  -0.012550 
  -0.010320 
  -0.007030 
  -0.002780 
   0.000750 
   0.001380 
  -0.000760 
  -0.001310 
  -0.002130 
  -0.006230 
  -0.008510 
  -0.010290 
  -0.010050 
  -0.008190 
  -0.004080 
