   0.003060 
   0.003190 
   0.004600 
   0.005210 
   0.005060 
   0.003820 
  -0.000610 
  -0.001700 
  -0.005940 
  -0.011160 
  -0.013290 
  -0.016150 
  -0.021000 
  -0.020600 
  -0.016390 
  -0.013780 
  -0.010820 
  -0.007060 
  -0.004710 
  -0.007070 
  -0.008220 
  -0.007520 
  -0.009100 
  -0.008990 
  -0.010110 
  -0.012290 
  -0.012450 
  -0.009520 
  -0.004610 
   0.001220 
   0.005810 
   0.007910 
   0.007640 
   0.004690 
   0.001590 
  -0.002480 
  -0.008880 
  -0.013400 
  -0.014530 
  -0.011150 
   0.000010 
   0.002770 
   0.003800 
   0.005300 
   0.005670 
   0.004900 
   0.000630 
  -0.003310 
  -0.006120 
  -0.007360 
  -0.008730 
  -0.007960 
  -0.004750 
   0.001690 
   0.009030 
   0.014710 
   0.014650 
   0.012380 
   0.009820 
   0.005400 
   0.001210 
  -0.002120 
  -0.003540 
  -0.002740 
   0.000990 
   0.007250 
   0.013690 
   0.018360 
   0.020950 
   0.016070 
   0.011000 
   0.004530 
