  -0.003860 
   0.000000 
   0.006600 
   0.010590 
   0.014190 
   0.015170 
   0.013700 
   0.011020 
   0.011160 
   0.010400 
   0.009160 
   0.010140 
   0.011520 
   0.014210 
   0.015410 
   0.017360 
   0.018770 
   0.018240 
   0.015120 
   0.012300 
   0.009260 
   0.007880 
   0.003550 
   0.001750 
   0.002780 
   0.006090 
   0.008600 
   0.014480 
   0.020450 
   0.022940 
   0.022290 
   0.019870 
   0.016340 
   0.011370 
   0.004460 
  -0.002400 
  -0.008480 
  -0.011190 
  -0.011250 
  -0.007430 
  -0.001970 
   0.002380 
   0.004810 
   0.005390 
   0.006390 
   0.003880 
  -0.000980 
  -0.005220 
  -0.009400 
  -0.011330 
  -0.009670 
  -0.005590 
  -0.000880 
   0.002850 
   0.006060 
   0.006260 
   0.002920 
  -0.000620 
  -0.004660 
  -0.008430 
  -0.011890 
  -0.013370 
  -0.014620 
  -0.013660 
  -0.008010 
  -0.001650 
   0.003000 
   0.003910 
   0.002900 
   0.000480 
  -0.003360 
  -0.008890 
  -0.013010 
  -0.015180 
  -0.014980 
  -0.010890 
  -0.007470 
  -0.002710 
  -0.001230 
   0.000320 
   0.001400 
  -0.000310 
  -0.003470 
  -0.008170 
  -0.012680 
  -0.015300 
  -0.015840 
  -0.012390 
  -0.007670 
  -0.002930 
   0.000550 
   0.002030 
   0.000730 
  -0.001240 
  -0.006390 
  -0.011560 
  -0.015720 
  -0.018190 
  -0.017340 
  -0.013880 
  -0.007840 
  -0.000980 
   0.003670 
   0.004920 
   0.003410 
   0.000830 
  -0.002500 
  -0.007430 
  -0.011780 
  -0.014570 
  -0.014370 
  -0.012050 
  -0.007320 
  -0.002190 
   0.001190 
   0.002820 
   0.002040 
  -0.000450 
  -0.004200 
  -0.009410 
  -0.014380 
  -0.016770 
  -0.015970 
  -0.012470 
  -0.006580 
  -0.000680 
   0.003700 
   0.007360 
   0.008390 
   0.006390 
   0.001920 
  -0.003070 
  -0.007820 
  -0.010440 
  -0.011360 
  -0.010450 
  -0.006980 
  -0.000540 
   0.002880 
   0.003970 
   0.003440 
   0.001570 
  -0.002730 
  -0.008220 
  -0.012050 
  -0.013940 
  -0.013780 
  -0.009420 
  -0.003020 
   0.003570 
   0.009820 
   0.013460 
   0.013250 
   0.011170 
   0.007190 
   0.001110 
  -0.005770 
  -0.011690 
  -0.014810 
