   0.001410 
   0.000510 
  -0.000420 
   0.000780 
   0.004090 
   0.010130 
   0.015720 
   0.018930 
   0.019990 
   0.015930 
   0.010990 
   0.004070 
   0.000520 
  -0.000180 
  -0.002250 
  -0.003030 
  -0.002100 
   0.001800 
   0.007620 
   0.014430 
   0.018530 
   0.019350 
   0.016920 
   0.013700 
   0.009040 
   0.003360 
   0.000870 
  -0.000570 
  -0.001390 
  -0.000970 
   0.000560 
   0.000860 
  -0.000020 
  -0.000190 
   0.001420 
   0.001260 
   0.000670 
  -0.002120 
  -0.005810 
  -0.008580 
  -0.010250 
  -0.008350 
  -0.003590 
   0.002200 
   0.006220 
   0.009550 
   0.011180 
   0.010620 
   0.006600 
  -0.000740 
  -0.006830 
  -0.009550 
  -0.012430 
  -0.012570 
  -0.009910 
  -0.004510 
   0.001630 
   0.003460 
   0.006080 
   0.005510 
   0.001820 
  -0.003000 
  -0.007400 
  -0.011880 
  -0.014310 
  -0.014960 
  -0.012020 
  -0.008490 
  -0.002930 
  -0.000720 
   0.000910 
   0.000810 
  -0.000350 
  -0.006220 
