  -0.002810 
  -0.002800 
   0.001450 
   0.006020 
   0.012100 
   0.015940 
   0.010840 
   0.006940 
   0.005140 
   0.006300 
   0.001290 
  -0.002740 
  -0.006300 
  -0.003750 
  -0.002040 
   0.001350 
   0.003860 
   0.003170 
   0.011070 
   0.016690 
   0.018380 
   0.014740 
   0.008580 
   0.004070 
   0.000070 
  -0.003370 
  -0.005480 
  -0.005070 
  -0.001670 
   0.002660 
   0.006900 
   0.009400 
   0.010110 
   0.007670 
   0.003000 
  -0.001310 
  -0.006210 
  -0.010950 
  -0.014480 
  -0.013860 
  -0.011580 
  -0.005650 
   0.001620 
   0.008430 
   0.011680 
   0.011930 
   0.008150 
   0.001960 
  -0.006170 
  -0.009300 
  -0.013820 
  -0.016580 
  -0.015340 
  -0.012420 
  -0.005980 
   0.002070 
   0.006690 
   0.007530 
   0.004290 
  -0.004170 
  -0.009570 
  -0.015610 
  -0.019170 
  -0.018560 
  -0.017120 
  -0.012110 
  -0.005870 
  -0.000750 
   0.001510 
   0.003920 
   0.002350 
  -0.002700 
  -0.009530 
  -0.014740 
  -0.019190 
