   0.007040 
   0.005600 
   0.005120 
   0.005400 
   0.008680 
   0.013880 
   0.017490 
   0.017390 
   0.016640 
   0.015220 
   0.012640 
   0.009100 
   0.005570 
   0.002450 
  -0.001510 
  -0.003370 
  -0.003590 
  -0.002070 
  -0.000310 
   0.003370 
   0.009810 
   0.014360 
   0.015730 
   0.014810 
   0.012560 
   0.007790 
   0.002350 
  -0.000490 
  -0.001650 
  -0.000170 
   0.001170 
   0.004390 
   0.007340 
   0.009810 
   0.009820 
   0.006630 
   0.001790 
  -0.003230 
  -0.006800 
  -0.008170 
  -0.007290 
  -0.008340 
  -0.006900 
  -0.001940 
   0.004640 
   0.009280 
   0.011520 
   0.011180 
   0.007760 
   0.002170 
  -0.003500 
  -0.006790 
  -0.008590 
  -0.009540 
  -0.007590 
  -0.003890 
   0.001090 
   0.005000 
   0.008040 
   0.007210 
   0.004220 
  -0.000320 
  -0.007060 
  -0.012240 
  -0.014780 
  -0.015430 
  -0.013880 
  -0.009030 
  -0.003040 
   0.002240 
   0.005490 
   0.005020 
